 142 156 156 166 165 164 164 162 163 163 165 163 163 169 168 169
 153 163 164 168 169 167 167 165 166 166 166 166 163 166 168 167
 157 164 167 169 169 167 167 169 169 165 168 167 165 167 168 168
 160 167 169 169 169 169 171 171 168 170 172 171 169 169 169 168
 162 172 171 173 171 169 171 171 173 172 175 171 174 171 171 168
 160 171 173 174 170 173 171 169 170 175 173 174 174 171 171 170
 164 175 171 171 172 175 173 172 173 172 173 172 174 172 175 174
 165 172 171 174 174 175 174 173 174 172 176 173 174 175 173 174
 164 171 169 175 173 175 175 174 174 174 175 172 176 175 177 176
 166 175 176 174 176 175 176 176 176 176 176 173 176 177 180 175
 170 177 177 180 176 179 179 178 179 177 176 177 179 179 180 180
 171 176 177 177 178 180 181 177 173 174 173 172 179 179 180 177
 175 179 178 183 180 179 178 173  65  41  42  47 156 179 181 182
 172 181 178 180 180 181 180 174  52  26  24  24 147 182 181 181
 170 184 180 183 183 181 180 171  48  26  27  26 150 178 183 182
 168 180 179 181 181 180 180 174  45  26  24  26 153 175 177 180
 149 154 154 167 167 164 164 164 162 165 166 164 162 164 164 162
 163 165 166 166 166 166 165 164 164 165 167 167 165 167 168 167
 162 165 167 168 169 169 167 166 165 167 169 168 167 168 170 169
 165 166 168 169 171 169 168 168 168 169 167 168 168 170 169 167
 168 168 168 167 168 169 169 170 169 170 171 171 170 171 169 167
 165 170 170 169 170 169 169 170 171 170 172 172 172 171 171 170
 165 172 172 171 170 171 171 170 170 171 172 171 173 173 171 172
 169 170 172 173 171 171 172 171 172 171 174 174 173 173 173 171
 171 173 172 174 173 175 174 173 172 173 173 174 175 174 176 173
 171 172 174 175 173 174 174 175 174 174 174 174 175 176 176 176
 172 174 174 175 176 176 176 177 174 175 175 174 176 177 177 174
 173 177 176 176 176 177 177 174 172 173 173 173 174 178 178 176
 176 177 176 177 176 176 178 172  63  49  50  55 159 178 178 176
 178 178 178 179 178 179 177 170  42  27  29  30 152 178 178 178
 172 178 179 180 181 179 178 171  40  27  29  30 151 177 179 177
 173 179 178 181 180 178 179 170  40  28  27  30 155 176 177 179
 114 119 120 126 126 124 124 120 123 120 122 122 124 127 124 119
 125 129 128 131 131 128 130 130 128 131 130 131 131 131 131 125
 128 130 130 131 131 131 131 131 131 129 131 131 132 131 131 125
 128 131 133 130 130 132 131 133 133 132 133 133 133 133 133 128
 128 132 132 134 132 132 132 131 131 130 132 132 131 132 133 129
 125 132 130 132 131 132 132 132 130 133 132 132 132 132 133 129
 124 130 131 132 133 132 132 132 132 134 131 132 132 133 134 130
 125 132 132 132 133 133 132 133 132 134 131 132 132 134 132 130
 125 131 134 133 131 132 132 133 133 132 133 132 133 133 132 130
 128 133 134 134 133 133 134 134 133 132 131 132 135 133 135 129
 130 135 135 135 137 135 135 135 135 134 133 133 134 134 132 132
 132 134 134 134 135 135 134 135 132 130 128 129 132 133 133 132
 129 133 134 135 136 135 134 129  56  41  42  43 116 133 135 131
 128 134 134 134 136 135 135 126  36  18  17  21 113 132 134 131
 128 135 133 133 135 135 135 125  34  19  17  22 114 132 133 133
 130 133 132 132 135 136 134 125  33  19  21  20 112 127 128 127

 169 167 168 168 168 170 174 174 176 175 180 177 182 181 182 180
 168 168 168 169 171 171 175 173 177 180 180 180 181 181 183 177
 169 166 167 169 171 171 172 175 175 177 179 179 179 182 178 175
 163 163 165 169 174 174 174 174 176 176 179 179 156 147 150 153
 163 166 167 171 171 174 172 173 172 173 177 172  47  24  26  26
 165 166 168 172 175 173 173 176 175 176 176 173  42  24  27  24
 163 166 165 170 172 175 172 172 174 176 177 174  41  26  26  26
 163 166 169 168 173 170 173 174 174 176 179 173  65  52  48  45
 162 165 169 171 171 169 172 173 174 176 178 177 173 174 171 174
 164 167 167 171 171 171 173 174 175 176 179 181 178 180 180 180
 164 167 167 169 169 173 175 175 175 175 179 180 179 181 181 180
 165 169 169 169 171 170 172 174 173 176 176 178 180 180 183 181
 166 168 169 169 173 174 171 174 175 174 180 177 183 180 183 181
 156 164 167 169 171 173 171 171 169 176 177 177 178 178 180 179
 156 163 164 167 172 171 175 172 171 175 177 176 179 181 184 180
 142 153 157 160 162 160 164 165 164 166 170 171 175 172 170 168
 162 167 169 167 167 170 172 171 173 176 174 176 176 178 177 179
 164 168 170 169 169 171 171 173 176 176 177 178 178 178 179 177
 164 167 168 170 171 171 173 173 174 176 177 178 178 178 177 176
 162 165 167 168 170 172 173 173 175 175 176 174 159 152 151 155
 164 167 168 168 171 172 171 174 174 174 174 173  55  30  30  30
 166 167 169 167 171 172 172 174 173 174 175 173  50  29  29  27
 165 165 167 169 170 170 171 171 173 174 175 173  49  27  27  28
 162 164 165 168 169 171 170 172 172 174 174 172  63  42  40  40
 164 164 166 168 170 170 170 171 173 175 177 174 172 170 171 170
 164 165 167 168 169 169 171 172 174 174 176 177 178 177 178 179
 164 166 169 169 169 169 171 171 175 174 176 177 176 179 179 178
 167 166 169 171 168 170 170 171 173 173 176 176 176 178 181 180
 167 166 168 169 167 169 171 173 174 175 175 176 177 179 180 181
 154 166 167 168 168 170 172 172 172 174 174 176 176 178 179 178
 154 165 165 166 168 170 172 170 173 172 174 177 177 178 178 179
 149 163 162 165 168 165 165 169 171 171 172 173 176 178 172 173
 119 125 125 128 129 129 130 130 130 129 132 132 131 131 133 127
 124 131 131 133 133 133 134 132 132 135 132 133 135 134 133 128
 127 131 131 133 132 132 133 134 133 133 134 133 133 132 132 127
 124 131 132 133 131 132 132 132 133 135 134 132 116 113 114 112
 122 131 131 133 132 132 132 132 132 132 133 129  43  21  22  20
 122 130 131 133 132 132 131 131 133 131 133 128  42  17  17  21
 120 131 129 132 130 133 134 134 132 132 134 130  41  18  19  19
 123 128 131 133 131 130 132 132 133 133 135 132  56  36  34  33
 120 130 131 133 131 132 132 133 133 134 135 135 129 126 125 125
 124 130 131 131 132 132 132 132 132 134 135 134 134 135 135 134
 124 128 131 132 132 132 132 133 132 133 135 135 135 135 135 136
 126 131 131 130 132 131 133 133 131 133 137 135 136 136 135 135
 126 131 131 130 134 132 132 132 133 134 135 134 135 134 133 132
 120 128 130 133 132 130 131 132 134 134 135 134 134 134 133 132
 119 129 130 131 132 132 130 132 131 133 135 134 133 134 135 133
 114 125 128 128 128 125 124 125 125 128 130 132 129 128 128 130

 180 177 175 153  26  24  26  45 174 180 180 181 181 179 180 168
 182 183 178 150  26  27  26  48 171 180 181 183 183 180 184 170
 181 181 182 147  24  24  26  52 174 180 181 180 180 178 181 172
 182 181 179 156  47  42  41  65 173 178 179 180 183 178 179 175
 177 180 179 179 172 173 174 173 177 181 180 178 177 177 176 171
 180 180 179 179 177 176 177 179 178 179 179 176 180 177 177 170
 175 180 177 176 173 176 176 176 176 176 175 176 174 176 175 166
 176 177 175 176 172 175 174 174 174 175 175 173 175 169 171 164
 174 173 175 174 173 176 172 174 173 174 175 174 174 171 172 165
 174 175 172 174 172 173 172 173 172 173 175 172 171 171 175 164
 170 171 171 174 174 173 175 170 169 171 173 170 174 173 171 160
 168 171 171 174 171 175 172 173 171 171 169 171 173 171 172 162
 168 169 169 169 171 172 170 168 171 171 169 169 169 169 167 160
 168 168 167 165 167 168 165 169 169 167 167 169 169 167 164 157
 167 168 166 163 166 166 166 166 165 167 167 169 168 164 163 153
 169 168 169 163 163 165 163 163 162 164 164 165 166 156 156 142
 179 177 176 155  30  27  28  40 170 179 178 180 181 178 179 173
 177 179 177 151  30  29  27  40 171 178 179 181 180 179 178 172
 178 178 178 152  30  29  27  42 170 177 179 178 179 178 178 178
 176 178 178 159  55  50  49  63 172 178 176 176 177 176 177 176
 176 178 178 174 173 173 173 172 174 177 177 176 176 176 177 173
 174 177 177 176 174 175 175 174 177 176 176 176 175 174 174 172
 176 176 176 175 174 174 174 174 175 174 174 173 175 174 172 171
 173 176 174 175 174 173 173 172 173 174 175 173 174 172 173 171
 171 173 173 173 174 174 171 172 171 172 171 171 173 172 170 169
 172 171 173 173 171 172 171 170 170 171 171 170 171 172 172 165
 170 171 171 172 172 172 170 171 170 169 169 170 169 170 170 165
 167 169 171 170 171 171 170 169 170 169 169 168 167 168 168 168
 167 169 170 168 168 167 169 168 168 168 169 171 169 168 166 165
 169 170 168 167 168 169 167 165 166 167 169 169 168 167 165 162
 167 168 167 165 167 167 165 164 164 165 166 166 166 166 165 163
 162 164 164 162 164 166 165 162 164 164 164 167 167 154 154 149
 127 128 127 112  20  21  19  33 125 134 136 135 132 132 133 130
 133 133 132 114  22  17  19  34 125 135 135 135 133 133 135 128
 131 134 132 113  21  17  18  36 126 135 135 136 134 134 134 128
 131 135 133 116  43  42  41  56 129 134 135 136 135 134 133 129
 132 133 133 132 129 128 130 132 135 134 135 135 134 134 134 132
 132 132 134 134 133 133 134 135 135 135 135 137 135 135 135 130
 129 135 133 135 132 131 132 133 134 134 133 133 134 134 133 128
 130 132 133 133 132 133 132 133 133 132 132 131 133 134 131 125
 130 132 134 132 132 131 134 132 133 132 133 133 132 132 132 125
 130 134 133 132 132 131 134 132 132 132 132 133 132 131 130 124
 129 133 132 132 132 132 133 130 132 132 132 131 132 130 132 125
 129 133 132 131 132 132 130 131 131 132 132 132 134 132 132 128
 128 133 133 133 133 133 132 133 133 131 132 130 130 133 131 128
 125 131 131 132 131 131 129 131 131 131 131 131 131 130 130 128
 125 131 131 131 131 130 131 128 130 130 128 131 131 128 129 125
 119 124 127 124 122 122 120 123 120 124 124 126 126 120 119 114

 168 170 172 175 171 170 166 164 165 164 160 162 160 157 153 142
 180 184 181 179 176 177 175 171 172 175 171 172 167 164 163 156
 179 180 178 178 177 177 176 169 171 171 173 171 169 167 164 156
 181 183 180 183 177 180 174 175 174 171 174 173 169 169 168 166
 181 183 180 180 178 176 176 173 174 172 170 171 169 169 169 165
 180 181 181 179 180 179 175 175 175 175 173 169 169 167 167 164
 180 180 180 178 181 179 176 175 174 173 171 171 171 167 167 164
 174 171 174 173 177 178 176 174 173 172 169 171 171 169 165 162
  45  48  52  65 173 179 176 174 174 173 170 173 168 169 166 163
  26  26  26  41 174 177 176 174 172 172 175 172 170 165 166 163
  24  27  24  42 173 176 176 175 176 173 173 175 172 168 166 165
  26  26  24  47 172 177 173 172 173 172 174 171 171 167 166 163
 153 150 147 156 179 179 176 176 174 174 174 174 169 165 163 163
 175 178 182 179 179 179 177 175 175 172 171 171 169 167 166 169
 177 183 181 181 180 180 180 177 173 175 171 171 169 168 168 168
 180 182 181 182 177 180 175 176 174 174 170 168 168 168 167 169
 173 172 178 176 173 172 171 171 169 165 165 168 165 162 163 149
 179 178 178 177 177 174 172 173 170 172 170 168 166 165 165 154
 178 179 178 176 176 174 174 172 172 172 170 168 168 167 166 154
 181 180 179 177 176 175 175 174 173 171 169 167 169 168 166 167
 180 181 178 176 176 176 173 173 171 170 170 168 171 169 166 167
 178 179 179 176 177 176 174 175 171 171 169 169 169 169 166 164
 179 178 177 178 177 176 174 174 172 171 169 169 168 167 165 164
 170 171 170 172 174 177 175 173 171 170 170 170 168 166 164 164
  40  40  42  63 172 174 174 172 172 170 171 169 168 165 164 162
  28  27  27  49 173 175 174 173 171 171 170 170 169 167 165 165
  27  29  29  50 173 175 174 173 174 172 172 171 167 169 167 166
  30  30  30  55 173 174 174 174 174 171 172 171 168 168 167 164
 155 151 152 159 174 176 175 175 173 173 172 170 168 167 165 162
 176 177 178 178 178 177 176 174 173 173 171 171 170 168 167 164
 177 179 178 178 178 177 176 176 173 171 171 169 169 170 168 164
 179 177 178 176 176 174 176 173 171 172 170 167 167 169 167 162
 130 128 128 129 132 130 128 125 125 124 125 128 128 128 125 114
 133 135 134 133 134 135 133 131 132 130 132 132 131 130 129 119
 132 133 134 134 134 135 134 134 132 131 130 132 133 130 128 120
 132 133 134 135 134 135 134 133 132 132 132 134 130 131 131 126
 135 135 136 136 135 137 133 131 133 133 131 132 130 131 131 126
 136 135 135 135 135 135 133 132 133 132 132 132 132 131 128 124
 134 135 135 134 134 135 134 132 132 132 132 132 131 131 130 124
 125 125 126 129 135 135 134 133 133 132 132 131 133 131 130 120
  33  34  36  56 132 135 133 133 132 132 130 131 133 131 128 123
  19  19  18  41 130 134 132 132 134 134 133 130 132 129 131 120
  21  17  17  42 128 133 131 133 131 131 132 132 133 131 130 122
  20  22  21  43 129 133 132 132 132 132 132 132 133 131 131 122
 112 114 113 116 132 134 135 133 132 132 132 131 133 132 131 124
 127 132 132 133 133 134 133 133 134 133 132 132 133 131 131 127
 128 133 134 135 133 132 135 132 132 134 133 133 133 131 131 124
 127 133 131 131 132 132 129 130 130 130 129 129 128 125 125 119

